ca7b2229e8ff71fd7555e812390b681c7d39fe824ff7885e9e7987262d59f77d 3 3 600 81
0acebe3614520bf9c96317fa66876694191d37c5a017a782c9b113ee3600fc4f 4 4 20674 10802
9c3bb2e47ea7e47d0d7e0847faca7e173f21c220b12828e8d87efa8bec11c31f 7 0 0 0
952764d53f45df9b1b332572ce989a4adc41abffb1b540c4e697b04dfad3d288 1 1 8836 0
1d32700e7f79a797d2003985c8d457c773f2c2b20a5e1fd6ebf31c4399dc294e 4 3 212 28
8982494c3cb830788bae067d7bf51390745a5b2c3d3f16e6d2857b0a7505b658 15 15 62985 134
ad189d7235d86a8fa3ce1d186e8ecc88b8289cfceb7057b90777ff80902f1601 111 0 0 0
29e88362bfec6d551109d7b3eacbf6678ebfd63b29ad93f2ef927458e3a82f9b 14 14 1273 462
52956b26cc0bf9c607a78421c40557b9dfe7aac234275b0afaa06462f6b057ec 25 25 4841 253
7f13d95ab58b2881e461d8185354961f4965104a0172371fbe8edf8f2872a7b5 66 10 3961 1631
